
LSU
# A tibble: 12 x 7
   model       pD     DIC Delta_DIC  ModelLik     DICWt Cum.Wt
   <chr>    <dbl>   <dbl>     <dbl>     <dbl>     <dbl>  <dbl>
 1 model23a 2504.   9706.        0  1.00e+  0 1.00e+  0      1
 2 model18a 2595.   9877.      171. 7.75e- 38 7.75e- 38      1
 3 model12a 2621.  10317.      611. 1.89e-133 1.89e-133      1
 4 model01a 2594.  11297.     1590. 0.        0.             1
 5 model12c 2377.  11842.     2135. 0.        0.             1
 6 model23c 3035.  12018.     2312. 0.        0.             1
 7 model18c 3109.  12119.     2412. 0.        0.             1
 8 model01c 1922.  12376.     2670. 0.        0.             1
 9 model23b 2637. 119096.   109390. 0.        0.             1
10 model12b 2552. 119515.   109809. 0.        0.             1
11 model18b 3729. 120262.   110555. 0.        0.             1
12 model01b 2705. 120678.   110972. 0.        0.             1

SSU
# A tibble: 12 x 7
   model       pD     DIC Delta_DIC  ModelLik     DICWt Cum.Wt
   <chr>    <dbl>   <dbl>     <dbl>     <dbl>     <dbl>  <dbl>
 1 model23a 2947.  13620.        0  1.00e+  0 1.00e+  0      1
 2 model18a 3080.  13749.      129. 1.19e- 28 1.19e- 28      1
 3 model12a 3024.  14204.      583. 2.07e-127 2.07e-127      1
 4 model01a 3734.  15918.     2298. 0.        0.             1
 5 model18c 3339.  15992.     2372. 0.        0.             1
 6 model23c 3426.  16110.     2489. 0.        0.             1
 7 model12c 3470.  16673.     3053. 0.        0.             1
 8 model01c 3186.  17385.     3765. 0.        0.             1
 9 model12b 3131. 165447.   151827. 0.        0.             1
10 model23b 3700. 165509.   151889. 0.        0.             1
11 model18b 3977. 165800.   152180. 0.        0.             1
12 model01b 3083. 166392.   152772. 0.        0.             1
